823226906618494986
823226915190997033
823226886414139462
823226901899378698
823226873499615293
823226893619691530
823226872010637342
823226864892903445
823226880533463100
823226864868130847
823226906014908507
823226890520100894
823226870643949597
823226870341566544
823226878218862594
823226865925226506
823226877409099806
823226898317967420
823226876876292136
823226893108379669
823226876863709221
823226886985482290
823226885970460694
823226902343843880
823226871922556958
823226859026251827
823226890223222887
823226911466586112
823226907578466355
823226881284374538
823226864742957079
823226903279566899
823226884342808657
823226881301020681
823226875999944725
823226867879903242
823226872418271312
823226881712980038
823226898293325875
823226885571084339
823226859528781845
823226863311781900
823226877304373348
823226902512009296
823226908136177705
823226916462788641
823226865501077564
823226870211805235
823226898989580298
823226913484177478
823226859625513020
823226886179127367
823226859604803594
823226863673016320
823226872489705515
823226890704781384
823226877770596382
823226905985024035
823226869767208961
823226876771172362
823226877900095509
823226881179648022
823226873303007292
823226886129188894
823226897617911829
823226894362869791
823226897537826816
822408578605907988
823226870157017139
823226901937651752
823226880341573659
823226909747314688
823226889178316823
823226880265027605
823226880199098409
823226886070075473
823226860972146728
823226872602558481
823226898476695603
823226873751797770
823226897532977203
823226869612675133
823226897676369951
823226906430013444
823226884540203039
823226861420281856
823226863585460255
823226913295695902
823226867816595506
823226860418367528
823226872326127666
823226893880131665
823227993249546280
823226859168333824
823226873806192741
823226891015553074
823226880677117992
823226870048882707
823226864671784990
823226890433069076
823226876024586260
823226897592221756
823226910166220840
823226885777260654
823226889341632523
823226902394437693
823226885936644136
823226910799953970
823226876919152680
823226881414791248
823226864314875954
823226890914889728
823226885344985119
823226911999918161
823226869801156668
823226880395837460
823226891066408970
823226863492005948
823226903237885983
823226880495845417
823226868433682442
823226873295011850
823226876196552784
823226864612671538
823226872225071165
823226869519482881
823226907100446740
823226873274302494
823226906350452796
823226891363418122
823226881079246878
823226880655491112
823226877023748106
823226911923765248
823226859499945994
823226880416809040
823226886284378152
823226910255480868
823226912402833408
823226911278628864
823226907390509116
823226869502836766
823226901861498920
823226906639073310
823226865719312407
823226894555676702
823226893230669834
823226906936737802
823226869565489212
823226885114691634
823226869876523048
823226872656953354
823226865597939712
823226902801678336
823226864184983553
823226885843845160
823226895378284544
823226902608085024
823226906211778620
823226903107469322
823226864394305606
823226915283271760
823226886397100042
823226885885395015
823226866013175808
823226884745330688
823226894166130689
823226873722437653
823226859150901258
823226893050183700
823226860556386305
823226897839423528
823226877857628180
823226873814974524
823226898095931403
823226886276513862
823226893838581780
823226877589323778
823226902587375626
823226890671226940
823226884883873832
823226864897228841
823226897927897089
823226860733202452
823226867820658797
823226915183001651
823226903930470402
823226881755054110
823226877237133372
823226880843972649
823226907893825586
823226859533369344
823226873588351058
823226914898575370
823226911458721812
823226914822684712
823226863841312768
823226881620836413
823226870186901544
823226867620249670
823226876238495804
823226870417326091
823226877639655445
823226918920519690
823226861450035240
823226867694960720
823226869812953099
823226890814488587
823226864133734430
823226865203675176
823226892952928307
823226896942759977
823226898371969024
823226869591048265
823226893041795082
823226872884232262
823226897466392606
823226897890017350
823226890705829888
823226889376235562
823226863941058570
823226889573367878
823226892688556033
823226877913071666
823226870584705105
823226881486487572
823226870160949308
823226881255014480
823226876217524284
823226893838188554
823226906341015572
823226885357305857
823226863564488754
823226872640438302
823226867930628096
823226891195383849
823226876704063548
823226902717792336
823226865329111050
823226871919280188
823226864922656873
823226885764546570
823226884614914078
823226877074341888
823226873374441522
823226859637702736
823226871931076618
823226876889137222
823226880836632606
823226907385790485
823226884565237760
823226870157934672
823226865644601354
823226870484434964
823226903192141825
823226897676107777
823226893137477653
823226894643101706
823226902734569502
823226893473284197
823226880446169119
823226863500656660
823226893166837811
823226863534211112
823226907692236840
823226902629449738
823226870535028736
823226893545111603
823226860560842762
823226859080777728
823226876663300107
823226890558373938
823226863768829953
823226902734831676
823226902796828672
823226889707585577
823226902457090089
823226884715970560
823226867813318696
823226889086173194
823226876088418314
823226914088681493
823226881062600745
823226868303659009
823226867665862717
823226873257263136
823226892927893565
823226864109486090
823226894576517171
823226867607011328
823226860623364157
823226865275371530
823226902822387773
823226881653735444
823226893829406730
823226880655360071
823226907054964776
823226873898991686
823226865400545310
823226873123045417
823226889367191592
823226881644953601
823226884807458836
823226894400880680
823226860686540820
823226907201110117
823226890574757898
823226897470193684
823226889447538692
823226883477995570
823226859097292830
823226903350607882
823226901886926878
823226859953192970
823226898480889866
823226894656077884
823226863441936425
823226887337410601
823226870220849162
823226903195549727
823226864255631391
823226870458875954
823226904013963304
823226881058406412
823226898464899083
823226907084062730
823226859566661642
823226897366253608
823226903048617994
823226876570894376
823226860518899734
823226860971229194
823226903254663168
823226869750431815
823226875862188053
823226884812832769
823226873815367680
823226890340401153
823226911433818182
823226894546632754
823226898149933147
823226910959206401
823226880173801473
823226859155095572
823226915418537985
823226873537888327
823226886259081246
823226859315265588
823226869591179336
823226886393036861
823226865740415037
823226869985181707
823226898012176384
823226869414363167
823226902847946823
823226861785317426
823226870501867571
823226892928417864
823226888797159484
823226863857434624
823226861714276373
823226893905035284
823226893406830642
823226860904513546
823226885395578880
823226864905879603
823226872430460990
823226893855490048
823226902642819155
823226880727580692
823226907268481074
823226891020009542
823226908028305408
823226907117486080
823226880533594162
823226886188433468
823226873030770719
823226881423704109
823226864377004062
823226903249813544
823226915195584523
823226861689372672
823226864465739826
823226873940672552
823226906345734214
823226910363353118
823226859646877706
823226897927634976
823226877740318760
823226901769355264
823226902017343538
823226880944766997
823226876444147812
823226867946487818
823226865212719186
823226865082826752
823226873239961680
823226870500950026
823226859273191425
823226880705560586
823226863131295756
823226888721530961
823226867347095553
823226890910171176
823226877782523904
823226897357733968
823226884677566514
823226881628831825
823226875903868949
823226911718375435
823226878428184607
823226865513660417
823226901791375420
823226893695844392
823226880810418217
823226910317608980
823226864951885825
823226864373596221
823226897944412190
823226873621250089
823226902549758013
823226891384127508
823226865451401268
823226885957484554
823226877131882576
823226876402335775
823226890814750720
823226867657211904
823226861093126194
823226890533732435
823226893352173578
823226870031843328
823226876779692122
823226902336110625
823226890453778452
823226867909132380
823226877468475473
823226871835262986
823226902684631070
823226903338680350
823226873525436418
823226910619336784
823226903473029161
823226873626230825
823226880596901928
823226913803599872
823226907151302718
823226885957484595
823226880727318558
823226894609678416
823226865568841799
823226906333806652
823226889442951179
823226889376235541
823226898556780555
823226906471956490
823226861677051975
823226902176596038
823226906421887026
823226907998158868
823226890332536852
823226897785684030
823226861072809985
823226915031613510
823226876826222614
823226907683848193
823226880718405632
823226892860915712
823226894421983292
823226889615310868
823226881628962876
823226892807045204
823226907742830602
823226865329504276
823226903133552640
823226898611306567
823226880961282109
823226907419476018
823226903074439218
823226880957218877
823226894354481164
823226884451074078
823226907294302218
823226907545436180
823226875887091752
823226865345888287
