820819444132610069
821721439384240149
822100411959214091
805004334148223006
821659569268457492
821358634457235498
489258837833023491
270904126974590976
820645460007321610
346353957029019648
814998794454302760
748868843715297300
751910899979255879
788866653957914645
797808998438273045
799601134171062313
747576347559461075
747648168589525106
719045698783281164
793877217318010951
767461745421713448
717922162375262238
796204205160923178
727263444788576346
778674834598920203
739273632831897651
777338324481998880
769028045045760032
718657710861713409
766846275911417856
719595237911298090
758671858890833941
802033793254686750
746519042822635530
766318030741045258
756094108766044211
816044741794725939
807385929370435626
743058019411034172
808022293947088919
788915993305022474
717471786551345203
763136667263041557
770019742366302268
760949135951134771
790569707765497886
806443009449132072
779404110775582792
741145565965975594
713172807558627378
804575295779766304
715619987577897071
759815180745310238
730960463323725865
722248261229871166
734122479861104751
749000617313173594
772034921547169802
520950604311560192
774978840606408714
761081258734125098
766835274792566844
819146359377625088
819146383083831306
808753706396680232
819145995509956638
755870475061690518
784406838069297203
813167665585192971
805066378859249705
765236946918047744
752631532560187463
785187028966834177
764934835453820988
811487618604072971
804504398687502388
819146466173911053
797539735190765569
749115681869398038
804099009739358210
724867897943654500
721796083080101999
745244407401414704
794085833581789235
761829638162350120
783749337309380670
795412243105054731
755453330917949610
788453449301491762
797809398227009566
757736466293063751
813835951675015191
788909614832812043
802266656985710712
819146465691697164
766905232604790785
797955906670821407
816041579768447006
766645314719186967
774016435617660938
797927221255733299
800942607320219708
785343247031205888
776187021605208107
795932997006000128
797809072367468545
760499768542887968
749577437347577928
809086230574530560
761307499176656937
760203317615394846
738806073410191381
782126700266913794
714776789997715556
769339061101264906
741738234949664879
764359752645476393
730697645374439494
717155337135980694
770662875974205440
761599662473478146
797950420403748878
778126968125521920
750501617270390965
727292111052865588
805570689892614174
759380108208242690
737683005182705726
815303924763721798
760713942384640050
797407134626611203
803705375840010251
794387799112810516
797944307226509362
770869778624544772
731374405812486256
745724039422672967
821372164262592563
797957124323409941
748183050252320778
776930082983510086
785290985948708864
743471960457084988
731877147278442506
797948585403744256
796776992263503882
786743936961871873
801599938072019008
811490511973908551
801667751672414208
773731771430469653
788360525682573332
797985213115793408
819146740963213332
764474745382633473
803794620944613437
797809493789507584
717639844414881845
782003576318066719
816043313651777548
798627797152825374
819333693403168851
235148962103951360
791892216317739029
815641189759975435
751375204294459472
759209386370924586
782372822831595580
793294583685054484
779539948507496500
816041673066414080
758848754266406912
760969534131404811
715552145365008396
797614771352502273
733859295044829214
731223626912890921
797809262340210718
736030390728392775
782829748854063106
758359990347497493
811487102880841758
785538420105281567
721124812982059049
724020184213487717
773136573792911382
788111326895013938
755225234113822832
783467043009593375
800701256728313877
785552947189907508
811805033858990090
745695814906806404
814660311901536317
764288248980832296
797947366090342400
716873888440516650
797928435049168956
797145672255930370
750037236095123569
742825856564723882
779964078067810330
811622140712321054
768904589490651226
790985174534848543
779464314511818753
755198958128726047
788118371287433216
795869379669655594
797967502734000139
794798158239498242
745732202708336751
756319350838919229
797809134002110465
788527728911056947
754290469655281766
789369175461068871
802032805155962891
816042468008263690
795573596935946260
754218720980893727
796099726993915955
797940031268061235
769904509253320724
780937728098435072
797809355054907423
770085972699775047
724819612579004512
804561746031149087
771400506915553342
752002718138368100
815519464132968478
819146090396778537
785303167779995648
796929050294878237
781179160088543242
747488689751326821
816042816421494795
733777804570918962
716304388498522173
716456198681133096
791074720451788843
767098495051759616
797809551696855050
819146124828999691
813542320888086540
819145914651639839
792096293996462130
797590932135608331
776171246978859028
782391720515600406
770994356102234152
804471904639123456
819146219007770654
793592066285371413
778031282268798986
808976117670608936
811486105135349812
743246935997284354
771848931025616906
713869954088304770
739509877256224771
819145439542247424
797946147087712287
781399991863214100
803469281668890665
777354273045479426
819146217124397077
797972383789088768
760810797164920832
718979367769997383
767481562316144660
791131054928560129
800956020364410880
788270768383066122
798845294132723723
746233111439867955
796390247948615720
759767723759632395
797809391352152104
789728119535435777
753034581221048431
782503116523831316
796617652952629260
796194718715346986
816043298053160971
738474322376786000
720672572022325310
770384382241275954
729943502921793557
813924442077265942
742104506321469500
749750261433761822
798836296499068938
797983991269425192
821702425185353758
788654139160657992
818714342245662740
772605837725794345
795103927501848607
751616927688032276
751609494689022013
744769304129437696
797955294440980490
730074325939519509
804540696048173066
757383091953205291
721229824244449311
797809116956852264
772088948679245865
753447646881906740
797976051183517757
736820629076049987
812812557533970492
818187388425601045
769066711990927380
797809261223739412
761216399716515871
818741987611508767
796603126986833931
790749414046171147
778398151849279531
808014615668850689
728343325350035466
797938189477216286
740339855908798536
786441337854623785
801253778556190751
735495957466185739
289060639010455552
801476984109924374
784160315653881936
818712427289509938
816044832005816361
801769653620703233
741082553569640529
740642501844664330
767661763558113340
819145725685399552
797974832435429437
791092260313366548
806888462577434624
753310909870374974
812945137230675978
800975747937730580
733664592827252837
797933901070467113
768520513277526037
788183076772511794
768175133352525854
739230930316820600
781309623520329749
759522169884639302
797809402094026794
797407727910518834
796811164218556446
746462429470392380
818742724076896257
716967712844414996
795004061001973780
794808534797778984
741820301259702353
812015975087210546
769356629547155456
797941870440218654
769917825732182036
819145674834051082
793303979676532736
769629141397405717
797969330922717184
801541330773606401
795708581491245087
775925725467377685
732195018072391730
790721340134391858
797809374772723743
796849460532871190
774410758908936252
811491805216374786
810615401225781288
753411783544275045
816042404116561951
721483913951969410
803823496739946528
814942297950257174
760720760985223188
772080977987764234
818736679728578571
761693817245532220
823226667149033542
713814996878098465
748073048707694603
811207580868804639
763903730177277952
816042132724645888
807752608944881665
794722725166841877
416358583220043796
820278648459886614
802540666142851142
810877158112886856
760957402412482562
802036097718026240
793168614177767465
725148431735193611
757241724119810170
818732108192809000
715082441743794228
800509034552623135
819145978102939658
767315403290050560
754808499996852276
724053163375722517
811485145269010452
772685753732956190
742842371678404659
776163588767350794
747564359735181362
744443809001242705
773680747864129536
789470040616468480
778769666440167444
786701432061427712
787749651067043850
766489945304727552
729756777129705572
760610618159661156
811076574191157278
747588735650103627
713219944157806594
734858974817550348
815571400420491355
788915733191065670
761290049999601674
791120321448247296
734896090016382986
801983484691611670
790570585776193546
788059974105956352
795314259646087189
766386913401241640
790958310857506817
803263119307702292
797809073755389954
762311731723894854
765691977811361812
790069240467816489
815580424331067403
742448199595327608
816042683923300364
720873231107489874
811494006500360192
716307928641961985
728017815487119370
816042665636266005
788189003618451458
817710322122752010
743606716779724811
783231996880879636
789269813246820353
799278574589837342
791980097652654101
816041268890435596
758174835922436097
788698459640823810
819720641858764821
778349661601136640
798928239183003679
715070034849824768
754436086864019496
756751324795895899
797932077357858857
786710104690655232
797809115438252093
759074118410043443
807314508249825350
791405205786853376
797715792200335391
788561296312107009
746661060395925565
715734016376176644
764515507688046652
795206810964983848
780884294267699241
794627574793371719
797999873432617010
798051836161425418
729533660734160948
799699627049877554
770676122068582402
793018982277971969
743590176932233317
734887654839025756
799470161438310400
763675602116018226
783783711602507798
795754598060654624
749163135365152809
771593612700942337
805448160008470539
796244401466769439
724735612082454598
764359182568259584
722012793871532084
801326663144308777
717992659884703807
808913420577275914
811544586546708531
782657147606663179
775097237524971610
803002801616846869
758859986842812447
811480939817205772
812900633480265750
815147522997354507
819145913519046658
733191359481249812
752675312550281250
816045963964842005
723030157731954769
739400640278560788
785569272839667713
749376284550889643
791827927947935744
718790976533168220
790651740302344238
816043924975779911
757494526104436777
754038093673267332
776068983077076992
811205724909600798
787352574533435414
786026324183089212
779952805393334313
814671963410399242
797942481063903272
804556783318335518
796683622127894569
793837545359671348
761787564448415755
803122780349530142
791791118815461387
812452530402361355
759607881535586367
820982938887127070
782520088259592192
735951971009298443
730056321487077398
797924790638870530
792951650989375518
721402622065770631
742600070016401418
796200727990894672
788401271215882241
797589613187301447
818722895605923870
797759719736344596
796141791686557747
793099261252206614
773283210716119101
811485091892559892
717855936462585896
767229335512940554
811489260728221706
800035179757699142
797809287018971136
783989329269227520
816042329583517697
758366219836457042
769188886706257942
762771556996612158
723437230739161172
754690269290430524
797809063835992074
744393777543774268
727983037555539989
767126268185149490
775074549938782261
764401127797948437
802736509912219658
788493463959371786
725259487241568327
732776414763417751
730078940013527120
715459738132938922
811483972822630400
794654098908512257
784117188704862218
739957087852953662
717073780903641178
740305179802599525
715379661047332955
771725679996698624
718523121858248749
747741688193351702
806858335298519052
747902719267700876
780813069764001842
811206526093885441
804118629901140029
819721448419622922
729038010313736243
774388910586986528
724723571850739892
753767677545414726
720214816501006347
802004542145167382
804553098403381269
758754341867094016
791671583365660683
747564048828203119
754300792424628234
818737423064367104
792194228377223209
791996827863875597
819146010278232074
732762791278280819
797961398340157479
724657830183043114
813252416174555177
800733951261016095
797941258566893588
818741373053173810
743225916695642193
809743646768758794
739908179118260315
793008137082634271
775398531753836624
819146379250892824
736429136771285042
787251211639324713
769261345383383070
756487048273330236
757057063561068555
769637854262329354
781500368445112322
818731330669248512
775430958991802378
740447819575328789
797974223720022026
712081557300707348
773294021421957163
715700816949936169
754617982331781130
775054495670337597
792098221986938900
729497629830152194
784096512786694195
790254875460108308
763834887043678219
784466508658114641
784850368814645280
741152232103215116
721843396351623289
786672056699584512
816045590546219089
745458299373355049
735636245610496070
773854856158117898
806194988517031956
761304283705507840
794769559298637836
804372744917352458
769225112205262888
718957560505303180
780203203689054208
788856347911127060
758518255354249276
782671250270584853
739228797873946765
775080025166053446
805703650668052493
811164733104324618
797943089649549372
765252554740465734
797159227650474004
775490070505062401
765983168947159040
761003920809132062
784212673553235979
797966893255753738
815220109756727336
817414017403322408
783433124918591508
812409464728453180
731015420508897372
804038503251705937
728209073614356530
743279107256877139
754518392286740631
718481539893297222
739232208899801088
797405185776287745
798799704384733203
763108189712941077
792869266583322714
801226470948601907
816041709611778069
778582138148487218
715074067383975997
794674291827671051
797956515247030292
818736069339381800
735628858212220930
768144289376501770
763145135088599061
806646376858910781
815038288515170324
791715797566881812
755526063857205288
756352646377373696
815524833172520980
725792128264831066
731285026225782855
806634879206686720
733889520423927849
739077669848612874
776802757666537513
780956785677828138
788470813937500160
797809162833887243
713530735218262146
771966643827113984
796139704671928371
820286908642099221
750336873972498473
784055844669095946
796245632028246026
748277495488577607
771749215377817603
763793149976903750
762859602874073088
728255122953732096
797972992461897740
797940649109618751
792968657860427799
779252088008867882
790425968262512660
819145695721684993
770234213139742720
761525097797910549
760352484140646420
753229670849314826
801938499444015135
818743291146797057
797969944364056576
747300712622325781
797790028658638869
805198772287569960
751653981347905647
811482174905516072
732144749917765652
819146369641742356
795499795120783371
770127122961924116
739489239057825868
794201813456388107
802007924586053643
785268220517023764
737763577775128588
819145921110736906
797966275669917716
801686002116198431
818710326257123389
797962010620592187
735259341354959011
725603143215480873
762812777265233920
816048312121425960
811491449673482240
816047605896183858
730929021591879681
795003536353394718
713958296565973112
738491604159037511
748487626851483700
793313942348103762
753632204294193196
785248648354725918
821922035671760928
779828040507195413
788185439554109450
807418769009541120
797937570745942048
793977963660967977
816043657857466388
793656189963468860
717292682036248607
782308823905992724
738005302082928731
745507866961510450
766186653383000094
749108600135352400
804437664307609651
741096531196641331
725121607504363611
800763897862815795
787729625189974056
797949811252920321
779844525291077693
797936961884651532
715698669034274878
738955644438183957
743817730339110963
797952857450086401
792475212452724737
758721194663870515
793800678644252703
783035517616783450
808719673117245501
754258507569692725
740340964165550121
818735466702569472
785374228064894990
728429845364736031
818726107708391424
818730762508566539
730709580191105045
718497701561630797
797971164785147934
786894575234056203
761263802401554473
742522080829898762
769255931325710337
728139424784711730
799628865005682718
798668849540366398
811482306929229829
804098998779904062
805100145729470485
761733520309092402
768566204444311554
793946165091369002
785292289605500938
739023451364524106
762057497896550430
782091309967999007
773075320982601728
735031705282412634
790005846075244560
753231452854026291
791335844308713482
797965057216348190
801998752545374218
722586059736744037
733725704251768885
807383764388675654
806949029572640829
783003564761940058
732579893560213518
800682963175735342
797997431836246017
772238365424484384
747785938238832650
762362825590964225
756664444003811329
792491484191653918
794301853675421746
758664434641403926
815669531863285792
797809354664968212
800545328565977128
818600642179760158
748575207484162140
741569828212441089
816599830247768125
722985284991582218
809934746171473970
713176535393239090
748744426448355409
752788559232106519
712914726270533688
765923436785696788
818730148907974718
755877907422773425
782651999095226389
779083679578193962
740887427094282296
795607430774915112
790032343310008340
770020808311439360
762368375455744011
713523166521327656
778437073425530910
762803303876132885
803831647933169674
809151456661471263
803369902298890248
784853324667027477
797809070567325696
814945739163566120
766383051412078652
759475408549838848
726638902634479678
792499573003124737
769660534689235014
816042818656665600
718433845262811147
794944408108662845
816734738035376209
808107756594528297
769984101091377194
802708281662636033
815221794285027341
790087837567025162
738361302640099337
744294628580261959
793939349989359616
818717506523889674
787660359364247553
760346582662381582
768927960609849454
772941428963016734
764842027606736911
766511640241635348
811753321148579890
789198484368392215
769987659233755188
737426789193875486
795932220966961183
766899657854287902
752683548150071337
793440212935639061
768785439926255636
819145959665434635
766714352371630120
797939421176528976
762677993667166249
779969437029761064
801369399108960276
806897252148183041
804652026625392680
743440730772602975
804435904235044936
816043972509827142
787514736471441419
816040975553527899
779101728188268625
761853778487541762
738090571171627048
804724684854657025
811051885422968852
787901233897144331
762286489710493706
816995710242783243
728987884790612109
764193679606284319
770473054773575681
717292499030507550
749333261368557608
817139215149695036
770227864837554177
742298461474521139
759830097045487648
779874685310992384
751505599509823488
815382466814541884
772746260686962689
755943044255318085
816310903396892723
786904060565127189
816538234670153769
731172799321866273
765436336391847959
767731565089390604
816916671578112021
797977270954229760
751013238283567115
756686009760219146
790434475254874132
806435342609547296
821151254654222339
716762856846262333
796246487754997780
779938829846183956
737097277243523092
815449119812091935
756649376876593242
797540641318895616
818724240161374218
740374075423195276
753845142544318584
733172355530227723
725653865050931210
775609374332157984
762682432716800081
798997319785119766
771959910509445140
773903801941884949
819145433636667413
758391596504449076
797406028844105748
796186959562670120
794016919669571605
771817123709321216
739881816705728542
773364615886798848
792763122158141461
759869311547342918
812053538322120765
819145712498769921
811482977640775680
783145998343995413
763843215677063241
791738178805039135
797953466352926750
776205530938474497
813115834633289809
740654327995301999
811482106143834133
818740119917297684
787145654664691722
722170873905414206
814944196942364773
717123609927352353
819146461195272193
815530441267347466
808544231710130207
797926007243931678
748990936322932776
812818595028795402
819145447461224448
758577002184835082
762449461363736577
790628920079679499
797971774247403540
819145971241582603
816317377536065596
785417721050562560
787571290734329856
818724841179447316
756150683434221568
788920005726699552
818726803253755925
796202438709215253
818738036875198464
812671564344066088
756653790597349466
772235227581382697
780980352503906325
790097480096153641
776216191030525952
793214763676074056
752971422531321898
754097701812961382
811487396109221908
818733306303741952
818178636573179915
785631428440096768
797951030130245652
713852701259333752
819145637622710274
762105022720114698
797938807940317195
769974328392548383
732468512571916378
777243008709820428
726252588554780772
797809512211152939
773616205365510184
776156604503556167
771137867246075974
739910243269607444
752908290391801867
761285065014771724
745848248165728307
783320725037383700
804558057324937218
818728791345332244
818734707734609922
733412203037982831
786155818314629120
796943689934700544
808059597025181696
809559586168111215
720579109125881956
796795255365435402
797960786155667458
775461252931649597
797231939407970385
760545021156917248
797809411669753897
813527746138341458
725441415060127744
715312811521081404
797960176720281600
811484976234102845
757034975232000112
811481469570646017
763435167356026881
771481153483702282
759535779659120650
789143796894007308
768496403625934918
756302188975882304
797962619821621269
759890127504932875
818729541295144971
816044062960386050
795375373251772467
797963838971969626
761978054813024266
771158857489448982
794965886448435201
792518673214210048
797809232383705130
770396846010269737
799796883891290112
741658526082138234
815298082957819904
796201435129184256
716834641574887465
730659606929604728
815845183391662100
792165200416866314
745258309686394991
767119756951945317
804048771683057675
806086164150878218
735656503364812833
817667605506031617
810210291529809920
797925397479161877
805561495848484924
797970554644332614
796110642783584287
797808981702606898
785930676221509662
734988557764263987
750439485145350275
727400246715482183
809370144022855691
774461998925873164
816458151686832151
757369188535762964
811360399638265866
722282043228160109
789078522131382344
786641742967472148
720558958972108911
754726700088164554
775108229877071882
771286236858023937
797809233780539393
794045851206418492
785312585259810816
774461223919550484
816742572416040991
734708270610120735
804377404473868363
792115325084237824
795755608229543987
816232363708907530
804837476278468619
792749419602116613
775145632460570654
797954684760358942
816341160989294653
714257058270019654
737570893542457444
751685949326622782
804080657386831943
797968112284729385
744264873055092859
755536489345187912
818732725245837312
819145907681230858
766075791863447564
754462562636136519
784169253863555094
818713623597547551
750538418987204679
814269662584897556
724435307818385497
781303240213266472
742099124228194444
753760020553924609
771135686488752139
714144741956255826
815528397551566888
767776408029888522
777214020268326912
746571347588677694
738030772170129438
717901936648781888
797809112217026610
799847954382192650
732510261872820325
791476628927807529
735656683094802434
783097030690996278
783686874861666324
795864811069767700
754006302958813235
797935124007092324
802580231089029171
713542160884170752
718097941310734408
779483223004151848
797947976395915324
819146390063415308
821425679782510644
795727063864442900
742513568767016992
743889666524053584
819145719511515166
754946038061727826
786611154607800394
777296216677154827
819146433257144334
802614799644753940
773353043939950653
753313477497454763
777338173210230825
796880278735814697
743672095573016689
758776570114080878
786300240676126748
726724364401377306
733366824233599026
779041065976987688
805104416831045693
809303164750790717
754404387006316728
746220120640323636
798307298479964160
786506391778230274
786806720953450497
794714566282051614
792990814753783818
769986642081349643
767631117075349544
732402969777012748
816755635072139334
819146191987015740
767219848978759690
819146261290418198
806637580275548211
798470772099121172
768691195853013003
760257887087624232
766594263042752513
819145687991058434
780999450092634122
805080948202012682
816045366407331850
788654870114336808
803590326702440448
726131084282167378
769564774069043221
796858198988029982
818740723976634378
811486513560027158
720375691841110026
758804141912490004
797980943398600706
772850830419427348
793212947882049546
724632637146267699
797954075664449556
739889560796004432
804808103299907625
780673099401527296
797944919956127745
749349988353441823
800268254073454593
804552904861548545
767533182455119903
717463895819681802
735955937285636126
759215768322834432
736656665394282577
737797884296167525
727959796694646835
767382985082142750
790144603025178644
797104642437545996
780156142340407307
731047618259582977
818738779690238032
819145746720489522
786429955621257216
821760823034773535
757946312028061776
716444875268030554
797371425714864138
740662119715831909
762503056398483466
790771508607844363
745052750261387284
774091832388222986
796892194266284043
816042102240182272
716860725678702625
818718087808286750
797862647725817856
819145923581313036
794971687472463912
789205662399332413
748266046158536874
747009641061285928
816803439442788363
811486573584973854
717467440128196760
768838862864646204
772526973238902804
763532703009734676
819145456789487647
752301679013134426
758741372697837661
797809254416646144
721517151260901478
756869441115127868
821215568517660712
713842454834577481
772640606215340032
748471917874380920
767828433342300190
793320522292789299
736623513120538775
796514368946044939
768459142506872872
